-4.000000 -4.000000 0.000232
-3.900000 -3.900000 0.047113
-3.800000 -3.800000 0.129627
-3.700000 -3.700000 0.014875
-3.600000 -3.600000 0.054049
-3.500000 -3.500000 0.072008
-3.400000 -3.400000 0.051065
-3.300000 -3.300000 0.197071
-3.200000 -3.200000 0.063817
-3.100000 -3.100000 0.186908
-3.000000 -3.000000 0.035847
-2.900000 -2.900000 0.171731
-2.800000 -2.800000 0.007364
-2.700000 -2.700000 0.002397
-2.600000 -2.600000 0.126507
-2.500000 -2.500000 0.099105
-2.400000 -2.400000 0.057747
-2.300000 -2.300000 0.165473
-2.200000 -2.200000 0.026199
-2.100000 -2.100000 0.101755
-2.000000 -2.000000 0.146343
-1.900000 -1.900000 0.221699
-1.800000 -1.800000 0.171336
-1.700000 -1.700000 0.213694
-1.600000 -1.600000 0.189957
-1.500000 -1.500000 0.113474
-1.400000 -1.400000 0.317134
-1.300000 -1.300000 0.198191
-1.200000 -1.200000 0.296284
-1.100000 -1.100000 0.495207
-1.000000 -1.000000 0.382809
-0.900000 -0.900000 0.448459
-0.800000 -0.800000 0.532419
-0.700000 -0.700000 0.726072
-0.600000 -0.600000 0.800868
-0.500000 -0.500000 0.908421
-0.400000 -0.400000 0.996254
-0.300000 -0.300000 0.990939
-0.200000 -0.200000 1.036815
-0.100000 -0.100000 0.995342
0.000000 0.000000 1.180255
0.100000 0.100000 1.032030
0.200000 0.200000 1.133049
0.300000 0.300000 1.023105
0.400000 0.400000 1.044997
0.500000 0.500000 0.904436
0.600000 0.600000 0.772212
0.700000 0.700000 0.802513
0.800000 0.800000 0.573545
0.900000 0.900000 0.549021
1.000000 1.000000 0.414443
1.100000 1.100000 0.477665
1.200000 1.200000 0.311873
1.300000 1.300000 0.266948
1.400000 1.400000 0.289711
1.500000 1.500000 0.176499
1.600000 1.600000 0.152555
1.700000 1.700000 0.099375
1.800000 1.800000 0.053391
1.900000 1.900000 0.144630
2.000000 2.000000 0.153289
2.100000 2.100000 0.098434
2.200000 2.200000 0.172263
2.300000 2.300000 0.011768
2.400000 2.400000 0.135304
2.500000 2.500000 0.053224
2.600000 2.600000 0.149700
2.700000 2.700000 0.170702
2.800000 2.800000 0.034561
2.900000 2.900000 0.151419
3.000000 3.000000 0.086165
3.100000 3.100000 0.080713
3.200000 3.200000 0.028618
3.300000 3.300000 0.101966
3.400000 3.400000 0.093149
3.500000 3.500000 0.097307
3.600000 3.600000 0.016769
3.700000 3.700000 0.167085
3.800000 3.800000 0.176215
3.900000 3.900000 0.109888
